1 6
1 51
1 63
0 44
1 13
0 43
0 59
1 6
0 2
0 56
1 6
1 51
0 56
1 43
0 43
1 51
1 51
1 51
0 51
0 56
1 51
0 43
0 51
1 51
0 51
1 51
1 51
1 51
0 51
0 56
1 51
0 51
1 51
1 20
0 20
0 51
0 51
0 51
1 51
0 51
0 51
0 51
1 51
1 51
1 51
1 51
1 51
0 51
0 51
1 51
0 51
1 51
0 51
1 51
0 26
1 51
1 51
0 51
1 51
0 51
0 51
0 51
1 51
0 26
1 51
1 51
0 51
1 51
0 51
1 51
0 26
1 51
0 51
0 51
1 51
0 31
0 51
1 51
0 51
1 31
1 51
0 51
1 51
1 51
1 51
0 51
1 51
1 51
0 51
0 51
0 51
0 51
0 51
0 51
0 51
0 51
1 51
0 51
0 51
1 51
1 51
0 51
0 51
0 51
0 51
1 51
1 51
0 51
1 51
0 51
0 51
0 51
1 51
0 51
0 51
0 51
0 51
0 51
0 51
0 51
0 51
1 51
0 51
1 51
0 51
1 51
0 51
0 51
1 51
1 51
1 51
1 51
0 51
0 51
0 51
0 51
0 51
1 51
0 51
0 51
1 51
0 51
1 51
1 51
0 51
0 51
1 45
0 51
0 51
0 49
0 51
1 51
0 51
0 51
0 51
1 51
0 45
1 51
1 51
0 51
1 51
1 51
1 51
1 51
0 51
1 51
0 51
0 51
0 51
1 24
1 51
1 51
1 51
1 51
1 51
0 51
0 51
0 51
0 51
0 51
0 50
0 51
1 51
1 50
0 51
1 51
0 42
1 51
1 51
1 51
0 50
0 51
0 51
1 51
1 51
1 51
1 51
1 46
1 51
1 51
0 51
0 51
1 51
0 51
1 51
1 51
1 46
0 46
0 51
1 46
0 46
1 51
1 46
0 51
1 46
0 46
0 46
0 51
0 46
1 46
0 46
1 46
1 46
1 51
0 46
1 46
0 46
0 46
1 46
0 46
1 46
0 46
1 46
1 46
1 46
1 46
0 46
1 46
0 46
1 27
1 46
0 46
0 27
0 46
0 46
0 46
1 46
1 46
1 46
1 46
1 46
0 46
1 46
1 8
0 46
0 46
0 46
1 46
0 46
0 46
0 8
1 46
1 46
0 46
0 46
0 46
0 46
0 46
0 46
0 46
0 46
1 46
1 46
0 46
1 46
1 46
0 46
0 46
0 46
0 46
0 46
1 46
0 46
1 46
1 46
0 46
0 46
1 46
0 46
1 46
0 46
1 46
0 46
1 46
0 46
1 46
0 46
1 48
0 46
1 48
1 46
1 48
0 48
1 46
1 48
0 46
1 48
0 46
0 48
0 48
0 46
0 48
0 48
0 48
0 48
1 46
1 48
0 46
1 46
0 46
1 46
0 46
0 46
1 46
1 46
1 35
1 46
1 46
0 46
1 46
0 46
0 46
0 46
0 45
0 46
1 46
0 46
0 46
1 45
1 46
0 46
0 42
0 42
1 46
1 46
0 45
1 46
1 45
1 45
0 46
0 45
1 45
1 46
0 46
0 45
1 46
0 15
1 46
1 45
0 46
1 46
0 46
1 46
1 45
1 45
1 45
0 45
1 46
1 5
1 46
0 46
1 46
1 46
0 45
1 46
0 46
1 5
0 5
1 5
0 46
1 45
1 5
1 5
1 46
0 5
0 5
0 54
0 5
1 5
1 5
1 54
0 5
0 5
1 5
1 29
1 5
0 5
0 5
0 29
1 5
0 29
1 5
0 5
0 29
0 5
1 5
0 5
1 5
0 5
0 5
1 29
1 29
0 29
1 5
0 29
1 29
0 5
0 29
0 29
1 54
0 29
1 29
0 29
1 29
1 29
1 29
1 29
0 54
1 54
0 56
0 54
1 54
0 29
1 29
1 29
1 54
0 54
1 29
1 54
0 54
1 29
0 54
0 54
0 29
1 54
0 54
1 52
0 17
1 54
1 54
1 54
1 52
1 29
1 54
0 54
0 54
1 54
0 54
1 54
1 7
0 7
0 29
0 54
1 54
0 31
0 54
0 31
1 7
1 31
1 54
1 54
0 54
0 31
0 7
1 7
0 7
0 7
0 31
1 7
1 54
0 7
1 54
0 7
0 7
1 31
0 7
1 63
0 54
1 7
1 7
1 31
1 31
1 31
1 31
1 54
0 54
1 54
0 54
0 54
0 50
1 54
1 54
0 54
0 50
1 54
0 54
0 50
0 45
0 50
1 45
1 54
0 54
1 54
1 50
1 54
0 54
0 54
1 54
1 54
0 54
1 54
0 54
1 54
1 54
1 54
0 54
0 54
0 54
0 54
0 54
0 54
0 54
0 54
0 54
0 54
0 54
1 54
1 54
0 54
0 54
0 54
1 54
0 54
0 54
1 54
0 54
0 54
0 54
1 3
1 54
0 54
1 54
0 54
0 54
1 54
1 3
1 54
1 54
1 54
0 54
0 54
1 54
1 54
0 54
1 54
1 54
0 54
0 54
0 54
1 54
1 54
1 54
0 54
1 54
0 54
1 54
1 54
0 54
1 54
1 54
0 54
1 54
1 54
0 54
1 54
0 54
0 54
1 54
0 54
1 54
0 54
1 54
0 54
1 54
0 54
0 54
1 54
0 54
1 54
1 54
1 54
0 54
1 54
1 59
0 0
0 54
0 54
0 54
1 0
0 54
0 54
1 54
0 54
0 54
0 54
0 54
0 54
0 54
0 54
0 54
1 54
0 62
1 54
0 54
0 62
1 54
1 62
1 54
1 54
0 54
1 54
0 62
0 54
0 54
1 54
0 54
1 62
0 54
0 54
0 53
0 54
0 54
1 54
1 54
1 62
0 54
0 54
1 54
1 32
0 54
1 54
1 54
1 54
0 54
1 54
1 54
1 20
0 54
0 54
0 54
1 54
1 54
0 54
1 54
1 54
1 54
1 50
0 54
0 54
1 54
0 50
1 54
0 54
1 54
0 37
0 50
1 54
1 54
0 54
1 54
0 54
0 19
1 54
1 54
0 54
1 54
1 54
1 54
1 54
1 54
0 54
0 34
1 54
1 54
1 54
0 54
1 54
1 54
1 4
1 54
0 54
0 54
1 54
0 54
0 54
0 54
0 54
0 54
0 54
0 54
1 54
0 54
0 54
0 54
1 54
0 54
0 54
0 54
0 54
0 54
1 54
1 54
1 54
0 54
0 54
0 54
1 54
0 54
0 54
1 54
1 54
0 54
0 54
0 54
0 54
1 54
0 54
1 54
0 54
1 54
0 54
1 54
0 54
0 54
1 54
0 54
0 54
0 8
0 54
1 54
1 54
0 54
0 54
0 49
0 49
1 54
1 8
0 54
0 54
1 54
0 54
0 54
0 41
1 54
0 54
1 54
1 8
0 54
1 54
0 42
0 54
1 54
0 54
1 54
0 54
1 54
0 54
0 27
1 54
0 54
0 54
0 54
0 54
0 54
1 54
0 54
0 54
0 54
1 54
0 54
0 15
1 54
0 54
1 54
0 54
1 54
0 54
0 54
0 15
1 54
0 54
1 54
1 54
0 54
1 54
0 0
1 54
1 54
0 54
0 54
1 54
0 54
0 54
1 54
1 54
1 54
1 54
0 54
1 54
1 54
1 54
1 54
0 54
0 54
1 54
0 54
0 54
1 54
1 54
0 33
1 54
0 54
1 33
0 54
0 54
0 54
1 54
0 41
1 54
1 54
0 54
1 54
0 54
1 50
1 50
0 54
0 54
0 54
0 50
0 54
0 50
1 54
0 54
0 54
0 50
1 54
1 34
1 54
0 59
0 55
0 34
1 34
1 34
1 34
1 50
1 34
0 34
0 34
1 34
0 34
0 34
0 34
1 34
1 34
0 50
0 34
1 34
1 34
0 50
0 34
1 34
1 50
1 50
1 50
0 34
0 50
1 34
0 50
1 50
1 50
0 50
1 50
0 50
0 50
0 34
0 34
0 34
0 34
0 34
0 34
0 34
0 34
0 34
0 34
0 34
0 34
1 34
0 34
1 34
0 34
0 34
0 34
1 34
1 34
1 34
0 50
0 34
1 50
0 34
0 50
1 34
1 34
0 50
0 50
0 12
0 34
0 50
0 12
0 50
0 50
0 12
1 12
0 50
1 12
0 12
0 34
0 50
1 50
0 12
0 12
1 50
1 12
1 34
1 50
0 12
1 1
1 50
1 12
0 34
0 34
0 34
1 50
1 50
0 34
0 34
0 12
0 50
1 34
1 50
0 34
1 44
1 14
1 50
1 34
0 44
0 44
1 34
1 44
1 14
1 44
0 14
0 14
0 14
1 34
1 14
1 14
0 34
1 14
1 14
0 34
0 14
1 14
0 34
0 14
1 14
1 34
1 14
0 14
1 34
1 14
0 14
1 14
1 34
1 14
1 14
1 14
1 14
0 14
1 14
1 14
